-1.0 -2.0 0.006675932481919179
-0.8 -2.0 0.008655070311115839
-0.6 -2.0 0.008286586980641383
-0.4 -2.0 0.005342649346448274
-0.2 -2.0 0.0016649429872532494
0.0 -2.0 0.0
0.2 -2.0 0.0016649429872532494
0.4 -2.0 0.005342649346448274
0.6 -2.0 0.008286586980641383
0.8 -2.0 0.008655070311115839
1.0 -2.0 0.006675932481919179
-1.0 -1.8 0.023083108410237963
-0.8 -1.8 0.02992629521505962
-0.6 -1.8 0.028652204938121678
-0.4 -1.8 0.018473067904140845
-0.2 -1.8 0.005756807693265324
0.0 -1.8 0.0
0.2 -1.8 0.005756807693265324
0.4 -1.8 0.018473067904140845
0.6 -1.8 0.028652204938121678
0.8 -1.8 0.02992629521505962
1.0 -1.8 0.023083108410237963
-1.0 -1.6 0.06901724707705785
-0.8 -1.6 0.08947800591893731
-0.6 -1.6 0.08566854482387518
-0.4 -1.6 0.05523347502218886
-0.2 -1.6 0.017212543990175036
0.0 -1.6 0.0
0.2 -1.6 0.017212543990175036
0.4 -1.6 0.05523347502218886
0.6 -1.6 0.08566854482387518
0.8 -1.6 0.08947800591893731
1.0 -1.6 0.06901724707705785
-1.0 -1.4 0.1789690523727598
-0.8 -1.4 0.2320259732996448
-0.6 -1.4 0.22214763605630372
-0.4 -1.4 0.14322626738413569
-0.2 -1.4 0.04463395480562522
0.0 -1.4 0.0
0.2 -1.4 0.04463395480562522
0.4 -1.4 0.14322626738413569
0.6 -1.4 0.22214763605630372
0.8 -1.4 0.2320259732996448
1.0 -1.4 0.1789690523727598
-1.0 -1.2 0.40437227756598765
-0.8 -1.2 0.5242519308993283
-0.6 -1.2 0.5019322858171449
-0.4 -1.2 0.32361311177291185
-0.2 -1.2 0.10084835183647177
0.0 -1.2 0.0
0.2 -1.2 0.10084835183647177
0.4 -1.2 0.32361311177291185
0.6 -1.2 0.5019322858171449
0.8 -1.2 0.5242519308993283
1.0 -1.2 0.40437227756598765
-1.0 -1.0 0.7997830324012264
-0.8 -1.0 1.0368856182739712
-0.6 -1.0 0.9927409663868626
-0.4 -1.0 0.6400544503605363
-0.2 -1.0 0.19946174631439012
0.0 -1.0 0.0
0.2 -1.0 0.19946174631439012
0.4 -1.0 0.6400544503605363
0.6 -1.0 0.9927409663868626
0.8 -1.0 1.0368856182739712
1.0 -1.0 0.7997830324012264
-1.0 -0.8 1.3901867265535792
-0.8 -0.8 1.8023195855393417
-0.6 -0.8 1.7255871385936559
-0.4 -0.8 1.1125457344241105
-0.2 -0.8 0.346705370016346
0.0 -0.8 0.0
0.2 -0.8 0.346705370016346
0.4 -0.8 1.1125457344241105
0.6 -0.8 1.7255871385936559
0.8 -0.8 1.8023195855393417
1.0 -0.8 1.3901867265535792
-1.0 -0.6 2.130398916471854
-0.8 -0.6 2.7619740706976383
-0.6 -0.6 2.644385031247819
-0.4 -0.6 1.7049265266820675
-0.2 -0.6 0.5313104567246992
0.0 -0.6 0.0
0.2 -0.6 0.5313104567246992
0.4 -0.6 1.7049265266820675
0.6 -0.6 2.644385031247819
0.8 -0.6 2.7619740706976383
1.0 -0.6 2.130398916471854
-1.0 -0.4 2.8851623444490544
-0.8 -0.4 3.740493634083567
-0.6 -0.4 3.581244835129798
-0.4 -0.4 2.308952458059705
-0.2 -0.4 0.7195445468460853
0.0 -0.4 0.0
0.2 -0.4 0.7195445468460853
0.4 -0.4 2.308952458059705
0.6 -0.4 3.581244835129798
0.8 -0.4 3.740493634083567
1.0 -0.4 2.8851623444490544
-1.0 -0.2 3.4587305190600626
-0.8 -0.2 4.484101046669251
-0.6 -0.2 4.293193702365117
-0.4 -0.2 2.7679705265510286
-0.2 -0.2 0.8625894791632731
0.0 -0.2 0.0
0.2 -0.2 0.8625894791632731
0.4 -0.2 2.7679705265510286
0.6 -0.2 4.293193702365117
0.8 -0.2 4.484101046669251
1.0 -0.2 3.4587305190600626
-1.0 0.0 3.673834214924364
-0.8 0.0 4.762974090536705
-0.6 0.0 4.560193928994812
-0.4 0.0 2.94011481099976
-0.2 0.0 0.9162352269193332
0.0 0.0 0.0
0.2 0.0 0.9162352269193332
0.4 0.0 2.94011481099976
0.6 0.0 4.560193928994812
0.8 0.0 4.762974090536705
1.0 0.0 3.673834214924364
-1.0 0.20000000000000018 3.4587305190600626
-0.8 0.20000000000000018 4.484101046669251
-0.6 0.20000000000000018 4.293193702365116
-0.4 0.20000000000000018 2.767970526551028
-0.2 0.20000000000000018 0.8625894791632731
0.0 0.20000000000000018 0.0
0.2 0.20000000000000018 0.8625894791632731
0.4 0.20000000000000018 2.767970526551028
0.6 0.20000000000000018 4.293193702365116
0.8 0.20000000000000018 4.484101046669251
1.0 0.20000000000000018 3.4587305190600626
-1.0 0.40000000000000036 2.8851623444490517
-0.8 0.40000000000000036 3.740493634083564
-0.6 0.40000000000000036 3.5812448351297954
-0.4 0.40000000000000036 2.308952458059703
-0.2 0.40000000000000036 0.7195445468460847
0.0 0.40000000000000036 0.0
0.2 0.40000000000000036 0.7195445468460847
0.4 0.40000000000000036 2.308952458059703
0.6 0.40000000000000036 3.5812448351297954
0.8 0.40000000000000036 3.740493634083564
1.0 0.40000000000000036 2.8851623444490517
-1.0 0.6000000000000001 2.1303989164718535
-0.8 0.6000000000000001 2.7619740706976375
-0.6 0.6000000000000001 2.6443850312478188
-0.4 0.6000000000000001 1.7049265266820675
-0.2 0.6000000000000001 0.5313104567246991
0.0 0.6000000000000001 0.0
0.2 0.6000000000000001 0.5313104567246991
0.4 0.6000000000000001 1.7049265266820675
0.6 0.6000000000000001 2.6443850312478188
0.8 0.6000000000000001 2.7619740706976375
1.0 0.6000000000000001 2.1303989164718535
-1.0 0.8000000000000003 1.3901867265535781
-0.8 0.8000000000000003 1.8023195855393404
-0.6 0.8000000000000003 1.7255871385936545
-0.4 0.8000000000000003 1.1125457344241096
-0.2 0.8000000000000003 0.3467053700163458
0.0 0.8000000000000003 0.0
0.2 0.8000000000000003 0.3467053700163458
0.4 0.8000000000000003 1.1125457344241096
0.6 0.8000000000000003 1.7255871385936545
0.8 0.8000000000000003 1.8023195855393404
1.0 0.8000000000000003 1.3901867265535781
-1.0 1.0 0.7997830324012264
-0.8 1.0 1.0368856182739712
-0.6 1.0 0.9927409663868626
-0.4 1.0 0.6400544503605363
-0.2 1.0 0.19946174631439012
0.0 1.0 0.0
0.2 1.0 0.19946174631439012
0.4 1.0 0.6400544503605363
0.6 1.0 0.9927409663868626
0.8 1.0 1.0368856182739712
1.0 1.0 0.7997830324012264
-1.0 1.2000000000000002 0.40437227756598737
-0.8 1.2000000000000002 0.5242519308993281
-0.6 1.2000000000000002 0.5019322858171446
-0.4 1.2000000000000002 0.3236131117729117
-0.2 1.2000000000000002 0.1008483518364717
0.0 1.2000000000000002 0.0
0.2 1.2000000000000002 0.1008483518364717
0.4 1.2000000000000002 0.3236131117729117
0.6 1.2000000000000002 0.5019322858171446
0.8 1.2000000000000002 0.5242519308993281
1.0 1.2000000000000002 0.40437227756598737
-1.0 1.4000000000000004 0.17896905237275956
-0.8 1.4000000000000004 0.23202597329964425
-0.6 1.4000000000000004 0.2221476360563033
-0.4 1.4000000000000004 0.14322626738413538
-0.2 1.4000000000000004 0.04463395480562514
0.0 1.4000000000000004 0.0
0.2 1.4000000000000004 0.04463395480562514
0.4 1.4000000000000004 0.14322626738413538
0.6 1.4000000000000004 0.2221476360563033
0.8 1.4000000000000004 0.23202597329964425
1.0 1.4000000000000004 0.17896905237275956
-1.0 1.6 0.06901724707705785
-0.8 1.6 0.08947800591893731
-0.6 1.6 0.08566854482387518
-0.4 1.6 0.05523347502218886
-0.2 1.6 0.017212543990175036
0.0 1.6 0.0
0.2 1.6 0.017212543990175036
0.4 1.6 0.05523347502218886
0.6 1.6 0.08566854482387518
0.8 1.6 0.08947800591893731
1.0 1.6 0.06901724707705785
-1.0 1.8000000000000003 0.02308310841023793
-0.8 1.8000000000000003 0.029926295215059576
-0.6 1.8000000000000003 0.028652204938121636
-0.4 1.8000000000000003 0.01847306790414082
-0.2 1.8000000000000003 0.005756807693265314
0.0 1.8000000000000003 0.0
0.2 1.8000000000000003 0.005756807693265314
0.4 1.8000000000000003 0.01847306790414082
0.6 1.8000000000000003 0.028652204938121636
0.8 1.8000000000000003 0.029926295215059576
1.0 1.8000000000000003 0.02308310841023793
-1.0 2.0 0.006675932481919179
-0.8 2.0 0.008655070311115839
-0.6 2.0 0.008286586980641383
-0.4 2.0 0.005342649346448274
-0.2 2.0 0.0016649429872532494
0.0 2.0 0.0
0.2 2.0 0.0016649429872532494
0.4 2.0 0.005342649346448274
0.6 2.0 0.008286586980641383
0.8 2.0 0.008655070311115839
1.0 2.0 0.006675932481919179